1 15723
2 28963
3 17069
4 6718
5 27997
6 6654
7 4260
8 3865
9 27548
10 28269
11 21566
12 19594
13 31369
14 28785
15 7088
16 17628
17 19536
18 11207
19 11912
20 30857
21 5749
22 32558
23 19158
24 18347
25 11165
26 1485
27 26812
28 20196
29 6308
30 18694
31 23824
32 24440
33 27439
34 24080
35 10176
36 26252
37 29875
38 12308
39 31026
40 31358
41 877
42 28148
43 24583
44 30726
45 4556
46 32390
47 6542
48 16193
49 17800
50 32374
51 9014
52 14186
53 12997
54 20693
55 30799
56 6050
57 18307
58 28767
59 2666
60 20697
61 2101
62 29754
63 14549
64 25540
65 22918
66 3148
67 26862
68 385
69 23458
70 8383
71 2172
72 1604
73 25299
74 16543
75 5438
76 13858
77 2942
78 15573
79 22321
80 22651
81 12261
82 29457
83 31203
84 22537
85 19866
86 21175
87 9859
88 9039
89 21813
90 14304
91 2144
92 29942
93 25150
94 32743
95 17650
96 3726
97 18358
98 10978
99 5001
100 16075
101 11105
102 31041
103 19690
104 21924
105 693
106 24496
107 12151
108 12672
109 32593
110 19004
111 16409
112 24502
113 20711
114 1688
115 32008
116 20686
117 2485
118 26926
119 2509
120 9836
121 3599
122 7416
123 263
124 3426
125 16559
126 15206
127 17029
128 25139
129 9346
130 30509
131 13880
132 18271
133 16638
134 8836
135 8628
136 29097
137 10509
138 8266
139 6088
140 21211
141 25537
142 10076
143 3291
144 13540
145 2811
146 2055
147 11945
148 5940
149 31426
150 29698
151 12232
152 10534
153 7246
154 29589
155 27046
156 17347
157 16773
158 14949
159 25445
160 15688
161 26078
162 23780
163 3910
164 26377
165 4760
166 28974
167 5028
168 3592
169 13969
170 9237
171 8258
172 32078
173 6303
174 9677
175 25273
176 32422
177 1096
178 18664
179 11219
180 19723
181 6110
182 5090
183 5870
184 7161
185 1687
186 13636
187 12965
188 8721
189 19167
190 5389
191 9274
192 28855
193 1208
194 29255
195 20977
196 26215
197 32590
198 32547
199 1827
200 11375
